[38;2;83;180;185m+[38;2;83;180;184m+[38;2;83;179;184m+[38;2;82;179;184m++[38;2;82;179;183m++++[38;2;81;179;184m+[38;2;79;179;184m+[38;2;80;179;183m+[38;2;80;178;181m+[38;2;81;177;179m+[38;2;82;177;179m++[38;2;81;177;181m+[38;2;80;177;183m+[38;2;79;178;184m+[38;2;104;109;219m=[38;2;106;109;220m=[38;2;106;108;218m=[38;2;106;105;211m-[38;2;92;178;174m+[38;2;235;224;190m#[38;2;250;236;197m%[38;2;255;241;203m%[38;2;255;242;203m%[38;2;255;242;205m%%[38;2;255;242;203m%[38;2;255;242;200m%[38;2;255;241;193m%[38;2;255;241;192m%[38;2;255;242;196m%[38;2;255;242;203m%[38;2;255;242;205m%%%%%[38;2;255;242;202m%[38;2;252;237;197m%[38;2;239;221;182m#[38;2;177;107;192m=[38;2;75;151;143m=[38;2;67;151;149m=[38;2;102;106;217m-[38;2;101;107;217m=[38;2;64;155;153m=[38;2;65;156;153m=[38;2;66;156;153m=[38;2;65;155;151m=[38;2;65;154;150m=[38;2;66;154;151m==[38;2;66;153;152m=[38;2;66;154;152m=[38;2;65;154;152m=[38;2;65;154;151m=====[0m
[38;2;84;180;185m+[38;2;83;180;185m+[38;2;83;179;184m+++[38;2;82;179;183m++++[38;2;81;179;183m+[38;2;80;179;183m++[38;2;80;178;181m+[38;2;81;177;180m++[38;2;82;177;180m+[38;2;81;177;181m++[38;2;81;177;182m+[38;2;81;178;181m+[38;2;80;177;177m+[38;2;86;177;172m+[38;2;230;221;185m#[38;2;249;233;191m%[38;2;255;238;191m%[38;2;255;240;191m%[38;2;255;242;201m%[38;2;255;242;205m%%[38;2;255;242;199m%[38;2;255;238;189m%[38;2;255;233;183m%[38;2;255;229;178m%[38;2;255;229;177m%[38;2;255;232;181m%[38;2;255;236;187m%[38;2;255;239;193m%[38;2;255;242;199m%[38;2;255;242;203m%[38;2;255;242;202m%[38;2;255;242;200m%[38;2;255;241;194m%[38;2;255;239;192m%[38;2;255;239;193m%[38;2;253;238;196m%[38;2;242;227;189m%[38;2;100;183;172m+[38;2;70;154;142m=[38;2;67;154;148m=[38;2;103;104;212m-[38;2;102;105;212m-[38;2;66;154;153m=[38;2;64;154;153m=[38;2;65;154;153m=[38;2;66;154;153m=[38;2;65;154;152m=[38;2;64;153;151m==[38;2;64;153;150m=[38;2;63;153;149m=[38;2;64;153;150m==[38;2;63;153;149m=[38;2;64;153;150m=[0m
[38;2;83;180;184m++[38;2;83;179;184m+[38;2;82;179;184m+[38;2;82;179;183m+++++[38;2;81;179;183m+[38;2;79;178;182m++[38;2;80;178;181m+[38;2;80;177;181m+[38;2;81;177;180m+[38;2;82;177;180m+[38;2;82;177;179m+[38;2;82;176;178m+[38;2;83;176;179m+[38;2;71;157;151m=[38;2;78;158;144m=[38;2;242;223;181m#[38;2;255;235;184m%[38;2;255;229;172m%[38;2;254;225;167m%[38;2;255;226;171m%[38;2;255;231;180m%[38;2;254;230;183m%[38;2;252;224;178m#[38;2;253;221;170m#[38;2;253;180;95m*[38;2;253;177;93m*[38;2;252;174;90m*[38;2;253;173;89m*[38;2;253;177;93m*[38;2;254;181;97m*[38;2;254;219;167m#[38;2;254;222;170m#[38;2;254;226;174m%[38;2;254;226;175m%[38;2;255;229;176m%[38;2;255;234;181m%[38;2;255;238;184m%[38;2;254;239;186m%[38;2;255;238;187m%[38;2;255;242;195m%[38;2;255;242;202m%[38;2;238;226;183m#[38;2;76;156;137m=[38;2;70;153;150m=[38;2;67;151;150m=[38;2;65;151;151m=[38;2;65;152;153m=[38;2;64;153;154m=[38;2;63;154;153m=[38;2;63;153;151m=[38;2;63;152;150m=[38;2;62;152;148m=[38;2;63;152;149m=[38;2;63;152;150m=[38;2;62;151;149m==[38;2;63;152;150m=[38;2;62;151;149m=[0m
[38;2;83;179;184m+[38;2;82;179;184m+[38;2;82;178;183m+[38;2;82;179;183m+[38;2;82;178;183m+[38;2;81;178;182m++[38;2;81;178;183m++[38;2;80;177;182m+[38;2;79;177;180m+[38;2;79;177;181m+[38;2;78;177;181m+[38;2;79;177;181m+[38;2;80;177;181m+[38;2;81;176;179m+[38;2;82;175;177m+[38;2;84;176;177m+[38;2;84;175;174m+[38;2;74;151;140m=[38;2;238;214;172m#[38;2;255;224;174m%[38;2;253;186;95m*[38;2;254;182;89m*[38;2;254;185;95m*[38;2;254;222;169m#[38;2;254;226;178m%[38;2;254;228;179m%[38;2;254;225;173m%[38;2;255;223;170m#[38;2;252;176;93m*[38;2;248;169;86m*[38;2;248;165;83m*[38;2;244;105;124m=[38;2;248;163;81m*[38;2;252;170;88m*[38;2;255;179;96m*[38;2;255;220;167m#[38;2;253;220;167m#[38;2;253;184;98m*[38;2;254;220;166m#[38;2;254;225;171m%[38;2;254;231;178m%[38;2;255;235;183m%[38;2;255;238;187m%[38;2;254;241;191m%[38;2;254;242;200m%[38;2;255;242;205m%[38;2;247;234;195m%[38;2;97;181;173m+[38;2;70;152;143m=[38;2;69;153;147m=[38;2;65;152;149m=[38;2;62;152;151m=[38;2;62;154;153m==[38;2;62;153;151m=[38;2;63;153;150m=[38;2;64;153;151m=[38;2;64;153;152m=[38;2;63;152;151m====[0m
[38;2;83;180;184m+[38;2;82;179;183m+[38;2;81;177;181m+[38;2;81;178;182m+[38;2;82;178;183m+[38;2;81;177;181m+[38;2;81;177;182m+++[38;2;81;177;181m+[38;2;80;177;180m++[38;2;79;177;180m+[38;2;79;178;181m+[38;2;79;177;181m+[38;2;79;176;179m+[38;2;82;176;177m+[38;2;86;175;174m+[38;2;73;154;147m=[38;2;184;114;196m=[38;2;253;224;174m#[38;2;253;184;96m*[38;2;255;183;91m*[38;2;255;223;163m#[38;2;255;227;173m%[38;2;255;237;188m%[38;2;255;240;192m%[38;2;255;238;186m%[38;2;252;229;172m%[38;2;247;178;93m*[38;2;239;165;83m*[38;2;236;104;123m=[38;2;238;104;124m=[38;2;240;104;125m=[38;2;244;107;128m=[38;2;248;170;89m*[38;2;249;179;98m*[38;2;252;222;171m#[38;2;255;231;179m%[38;2;255;234;180m%[38;2;255;232;179m%[38;2;255;229;176m%[38;2;255;227;175m%[38;2;255;230;179m%[38;2;254;233;183m%[38;2;255;239;191m%[38;2;255;242;198m%[38;2;254;241;203m%[38;2;255;242;205m%[38;2;248;236;198m%[38;2;78;158;142m=[38;2;68;152;141m=[38;2;64;152;145m=[38;2;63;154;150m=[38;2;61;153;151m==[38;2;61;152;150m=[38;2;61;152;149m=[38;2;62;152;150m=[38;2;63;152;151m===[38;2;62;151;150m==[0m
[38;2;82;178;182m++[38;2;81;178;181m++++[38;2;81;177;181m+[38;2;80;177;181m+[38;2;80;177;180m+[38;2;80;176;180m+[38;2;80;176;178m+[38;2;80;177;177m++[38;2;77;178;178m+[38;2;77;179;181m+[38;2;77;178;180m+[38;2;81;176;174m+[38;2;73;152;142m=[38;2;174;104;187m=[38;2;250;222;177m#[38;2;255;220;167m#[38;2;255;220;168m#[38;2;251;219;168m#[38;2;248;220;170m#[38;2;241;180;99m*[38;2;231;170;89m*[38;2;226;162;82m+[38;2;220;100;118m=[38;2;64;76;78m:[38;2;68;74;78m:[38;2;70;74;78m:[38;2;67;71;75m:[38;2;69;72;76m:[38;2;69;74;77m:[38;2;68;74;78m:[38;2;64;72;77m:[38;2;63;72;78m:[38;2;64;76;83m:[38;2;220;101;123m=[38;2;232;170;91m*[38;2;242;215;167m#[38;2;246;222;172m#[38;2;250;225;174m#[38;2;255;230;177m%[38;2;255;235;182m%[38;2;255;238;185m%[38;2;255;241;191m%[38;2;255;242;195m%[38;2;254;242;201m%[38;2;255;242;205m%[38;2;177;113;195m=[38;2;53;117;119m-[38;2;65;153;150m=[38;2;62;151;150m=[38;2;63;152;149m=[38;2;63;151;149m=[38;2;62;151;149m=[38;2;60;152;149m=[38;2;60;151;148m=[38;2;61;150;147m=[38;2;62;151;148m==[38;2;61;150;147m==[0m
[38;2;80;177;179m+[38;2;80;177;180m+[38;2;81;178;180m+++[38;2;80;177;179m+++[38;2;79;176;178m++[38;2;79;176;177m+[38;2;80;176;177m+[38;2;79;176;177m+[38;2;77;177;178m+[38;2;76;177;179m+[38;2;76;176;177m+[38;2;68;155;149m=[38;2;72;150;137m=[38;2;182;111;191m=[38;2;248;221;175m#[38;2;238;172;91m*[38;2;64;77;82m:[38;2;46;40;56m.[38;2;32;20;27m [38;2;24;12;23m [38;2;18;8;23m  [38;2;17;9;23m [38;2;23;12;23m [38;2;37;19;26m [38;2;51;38;54m.[38;2;50;36;52m.[38;2;43;22;27m [38;2;50;37;52m.[38;2;38;19;25m [38;2;29;13;23m [38;2;25;11;23m [38;2;19;9;23m [38;2;17;7;23m [38;2;20;9;23m [38;2;25;13;24m [38;2;30;16;27m [38;2;46;39;56m.[38;2;64;78;83m:[38;2;235;173;92m*[38;2;254;231;181m%[38;2;255;234;183m%[38;2;255;237;186m%[38;2;254;240;190m%[38;2;255;242;199m%[38;2;231;217;175m#[38;2;55;116;113m-[38;2;66;152;146m=[38;2;63;151;149m=[38;2;65;151;149m==[38;2;64;151;149m=[38;2;63;151;150m=[38;2;61;151;149m=[38;2;61;150;147m=[38;2;62;151;149m=[38;2;62;151;148m=[38;2;61;150;148m=[38;2;61;150;147m=[0m
[38;2;80;177;179m+[38;2;81;178;179m++[38;2;80;178;179m+[38;2;80;177;179m+++[38;2;80;177;178m+[38;2;79;177;178m+[38;2;80;177;178m+[38;2;81;176;178m+[38;2;80;176;177m+[38;2;79;175;177m+[38;2;78;176;179m+[38;2;78;177;180m+[38;2;79;176;177m+[38;2;70;155;146m=[38;2;61;117;111m-[38;2;234;213;168m#[38;2;241;179;100m*[38;2;61;76;82m:[38;2;33;21;27m [38;2;31;19;28m [38;2;26;16;27m [38;2;24;15;26m [38;2;18;12;25m [38;2;16;10;24m [38;2;20;11;24m [38;2;26;16;26m [38;2;30;17;25m [38;2;50;41;59m.[38;2;234;171;92m*[38;2;229;109;130m=[38;2;50;40;56m.[38;2;32;17;25m [38;2;29;15;24m [38;2;28;16;26m [38;2;23;12;24m [38;2;21;11;24m [38;2;21;12;26m [38;2;24;14;29m [38;2;27;16;30m [38;2;30;16;28m [38;2;34;19;29m [38;2;49;40;58m.[38;2;233;167;88m*[38;2;255;232;183m%[38;2;254;234;183m%[38;2;254;233;179m%[38;2;255;238;185m%[38;2;244;226;180m#[38;2;75;153;137m=[38;2;65;150;143m=[38;2;63;150;148m=[38;2;64;150;149m=[38;2;64;150;148m==[38;2;63;150;149m=[38;2;62;150;148m=[38;2;61;150;147m=====[0m
[38;2;81;178;178m+[38;2;80;177;177m+[38;2;79;176;177m++[38;2;80;177;177m++[38;2;79;177;177m+[38;2;79;176;177m+++[38;2;81;176;178m+[38;2;81;176;177m+[38;2;80;175;177m+[38;2;79;175;179m+[38;2;78;175;179m+[38;2;80;176;177m+[38;2;70;154;144m=[38;2;65;118;108m-[38;2;240;217;167m#[38;2;238;173;92m*[38;2;60;71;77m:[38;2;35;19;25m [38;2;25;12;24m [38;2;24;12;23m [38;2;22;11;23m [38;2;13;8;23m [38;2;15;8;23m [38;2;21;10;23m [38;2;23;11;23m [38;2;24;12;23m [38;2;232;175;96m*[38;2;255;242;197m%[38;2;255;241;193m%[38;2;227;163;82m*[38;2;28;15;23m [38;2;29;15;23m [38;2;23;11;23m [38;2;22;12;23m [38;2;21;11;23m [38;2;11;7;23m [38;2;12;7;23m [38;2;20;8;23m [38;2;25;11;24m [38;2;29;14;26m [38;2;43;35;55m.[38;2;60;74;80m:[38;2;240;178;96m*[38;2;255;237;185m%[38;2;254;237;184m%[38;2;254;233;181m%[38;2;244;225;180m#[38;2;77;156;143m=[38;2;50;117;123m-[38;2;62;152;151m=[38;2;62;151;150m=[38;2;63;150;149m=[38;2;63;150;147m=[38;2;62;150;147m==[38;2;61;150;147m====[38;2;62;151;148m=[0m
[38;2;80;177;178m+++[38;2;79;176;177m+[38;2;79;176;176m+[38;2;79;176;177m+[38;2;79;176;176m++[38;2;78;176;176m+[38;2;79;176;176m+[38;2;81;175;177m+[38;2;80;175;177m+[38;2;79;175;178m+[38;2;78;175;179m+[38;2;79;175;178m+[38;2;69;155;150m=[38;2;78;157;144m=[38;2;87;157;133m=[38;2;250;225;172m#[38;2;251;222;168m#[38;2;240;175;92m*[38;2;236;171;88m*[38;2;229;165;83m*[38;2;74;113;95m-[38;2;59;74;78m:[38;2;47;37;54m.[38;2;35;19;26m [38;2;36;20;27m [38;2;38;21;30m [38;2;229;111;131m=[38;2;255;240;193m%[38;2;254;242;197m%[38;2;254;240;192m%[38;2;250;219;171m#[38;2;73;110;93m-[38;2;38;21;29m [38;2;31;16;25m [38;2;28;14;23m [38;2;29;17;25m [38;2;27;16;25m [38;2;29;17;26m [38;2;44;36;56m.[38;2;49;39;59m.[38;2;52;41;61m.[38;2;59;71;78m:[38;2;72;109;92m-[38;2;238;174;92m*[38;2;255;235;182m%[38;2;254;241;189m%[38;2;255;235;186m%[38;2;237;217;174m#[38;2;76;151;137m=[38;2;67;150;145m=[38;2;61;151;150m=[38;2;61;152;152m=[38;2;60;151;150m=[38;2;61;150;148m=[38;2;63;149;146m=[38;2;63;150;147m=[38;2;61;151;148m=[38;2;61;150;147m====[0m
[38;2;80;177;180m++[38;2;79;176;179m+[38;2;79;176;178m+[38;2;78;175;177m+[38;2;79;176;178m+[38;2;65;157;154m=[38;2;65;157;153m==[38;2;66;157;153m=[38;2;68;155;153m=[38;2;78;175;177m+[38;2;76;176;179m+[38;2;77;176;178m+[38;2;69;155;151m=[38;2;77;153;143m=[38;2;175;101;181m=[38;2;237;175;95m*[38;2;254;226;170m%[38;2;255;231;174m%[38;2;255;239;185m%[38;2;255;242;189m%[38;2;255;241;185m%[38;2;255;233;177m%[38;2;249;183;96m*[38;2;238;168;84m*[38;2;236;165;83m*[38;2;236;109;130m=[38;2;247;117;140m+[38;2;255;228;183m%[38;2;252;229;184m%[38;2;251;224;179m#[38;2;255;229;184m%[38;2;255;224;180m%[38;2;250;120;143m+[38;2;230;100;122m=[38;2;221;93;115m=[38;2;64;70;76m:[38;2;55;41;56m.[38;2;54;42;56m.[38;2;63;72;75m:[38;2;221;96;114m=[38;2;233;106;125m=[38;2;246;175;94m*[38;2;250;219;168m#[38;2;252;224;172m#[38;2;255;231;178m%[38;2;255;237;182m%[38;2;255;240;187m%[38;2;254;237;188m%[38;2;248;222;175m#[38;2;237;121;148m+[38;2;187;110;196m=[38;2;75;151;145m=[38;2;63;149;148m=[38;2;60;151;152m=[38;2;61;150;150m=[38;2;65;148;147m=[38;2;63;148;145m=[38;2;59;149;146m=[38;2;60;149;146m===[38;2;60;150;147m=[0m
[38;2;78;175;178m+++[38;2;78;176;178m+[38;2;78;176;177m+[38;2;65;157;154m=[38;2;64;156;152m====[38;2;66;156;152m=[38;2;64;157;153m=[38;2;63;158;154m=[38;2;66;157;153m=[38;2;71;152;147m=[38;2;168;95;183m=[38;2;72;110;102m-[38;2;243;115;136m+[38;2;254;183;97m*[38;2;255;219;165m#[38;2;255;222;170m#[38;2;255;223;170m#[38;2;254;220;168m#[38;2;250;178;94m*[38;2;246;172;89m*[38;2;244;171;88m*[38;2;239;166;85m*[38;2;246;173;93m*[38;2;237;108;129m=[38;2;70;75;84m:[38;2;59;41;61m.[38;2;59;39;58m.[38;2;70;71;79m:[38;2;232;103;125m=[38;2;251;178;99m*[38;2;237;105;125m=[38;2;60;39;54m.[38;2;226;151;67m+[38;2;230;155;72m+[38;2;234;103;123m=[38;2;238;107;128m=[38;2;245;167;87m*[38;2;254;176;95m*[38;2;255;179;98m*[38;2;255;217;167m#[38;2;255;223;169m#[38;2;255;227;172m%[38;2;255;232;175m%[38;2;254;238;182m%[38;2;254;232;182m%[38;2;247;174;95m*[38;2;236;106;133m=[38;2;228;102;136m=[38;2;174;95;187m=[38;2;70;147;145m=[38;2;62;150;148m=[38;2;57;150;146m=[38;2;46;119;122m-[38;2;47;118;124m-[38;2;60;149;146m====[38;2;48;117;125m-[0m
[38;2;79;175;179m+[38;2;79;176;179m+[38;2;79;176;178m+[38;2;78;176;177m+[38;2;65;156;155m=[38;2;65;157;154m=[38;2;64;156;153m=[38;2;64;156;152m====[38;2;63;157;153m=[38;2;62;157;152m=[38;2;66;156;150m=[38;2;73;152;144m=[38;2;176;100;188m=[38;2;230;106;136m=[38;2;245;112;135m+[38;2;255;174;92m*[38;2;252;172;88m*[38;2;244;164;82m*[38;2;239;159;77m*[38;2;234;101;119m=[38;2;226;94;113m=[38;2;68;71;75m:[38;2;59;42;57m.[38;2;229;102;121m=[38;2;69;75;81m:[38;2;24;7;23m [38;2;25;7;23m [38;2;31;15;29m [38;2;32;16;29m [38;2;24;8;23m [38;2;19;7;23m [38;2;36;19;30m [38;2;64;74;81m:[38;2;40;20;29m [38;2;40;19;26m [38;2;55;39;56m.[38;2;222;91;113m=[38;2;234;100;122m=[38;2;243;107;129m=[38;2;249;112;132m+[38;2;252;170;89m*[38;2;252;171;88m*[38;2;249;172;86m*[38;2;248;174;87m*[38;2;253;186;96m*[38;2;255;227;171m%[38;2;255;229;177m%[38;2;229;95;115m=[38;2;234;102;127m=[38;2;240;112;143m=[38;2;183;100;189m=[38;2;59;114;120m-[38;2;62;150;146m=[38;2;57;151;146m=[38;2;57;152;145m=[38;2;60;151;146m=[38;2;60;149;146m=[38;2;59;149;146m=[38;2;61;150;147m==[38;2;60;149;147m=[0m
[38;2;79;175;179m+[38;2;79;176;179m+[38;2;79;176;178m+[38;2;78;175;177m+[38;2;64;156;154m=[38;2;79;176;177m+[38;2;79;176;176m+[38;2;65;157;153m==[38;2;65;156;154m=[38;2;102;106;214m-[38;2;77;175;179m+[38;2;76;176;177m+[38;2;65;157;152m=[38;2;70;152;144m=[38;2;176;105;191m=[38;2;228;109;137m=[38;2;230;104;127m=[38;2;245;169;88m*[38;2;228;97;114m=[38;2;68;73;75m:[38;2;59;43;56m.[38;2;52;36;52m.[38;2;40;18;25m [38;2;50;36;54m.[38;2;75;110;95m-[38;2;229;108;130m=[38;2;64;77;82m:[38;2;30;17;26m [38;2;20;8;23m [38;2;16;7;23m [38;2;15;7;23m [38;2;19;9;23m [38;2;24;14;24m [38;2;30;19;29m [38;2;63;78;86m:[38;2;222;101;126m=[38;2;66;75;85m:[38;2;52;37;58m.[38;2;43;20;29m [38;2;55;37;57m.[38;2;70;72;80m:[38;2;230;97;119m=[38;2;238;103;124m=[38;2;246;167;86m*[38;2;249;171;87m*[38;2;245;171;84m*[38;2;250;178;88m*[38;2;254;183;96m*[38;2;245;173;91m*[38;2;71;73;77m:[38;2;48;20;27m [38;2;245;213;172m#[38;2;183;110;194m=[38;2;54;116;117m-[38;2;61;151;147m=[38;2;59;150;148m=[38;2;61;149;148m=[38;2;61;149;147m=[38;2;47;117;125m-[38;2;60;149;146m=[38;2;61;150;148m=[38;2;60;149;146m=[38;2;48;117;125m-[0m
[38;2;78;175;178m+++[38;2;65;156;155m=[38;2;64;156;154m=[38;2;65;157;154m=[38;2;64;156;153m===[38;2;64;155;154m=[38;2;101;104;214m-[38;2;101;105;214m-[38;2;63;156;155m=[38;2;64;155;152m=[38;2;67;152;146m=[38;2;78;155;145m=[38;2;183;110;192m=[38;2;221;103;126m=[38;2;223;153;70m+[38;2;66;74;75m:[38;2;54;43;55m.[38;2;50;40;54m.[38;2;33;19;25m [38;2;28;15;24m [38;2;41;36;56m.[38;2;53;70;79m:[38;2;55;71;79m:[38;2;36;22;30m [38;2;34;20;26m [38;2;25;12;24m [38;2;21;9;24m [38;2;21;9;23m [38;2;26;13;24m [38;2;32;19;26m [38;2;43;36;53m.[38;2;47;38;56m.[38;2;52;42;60m.[38;2;50;39;57m.[38;2;48;35;55m.[38;2;49;37;55m.[38;2;49;36;53m.[38;2;50;36;53m.[38;2;64;70;77m:[38;2;221;93;114m=[38;2;231;103;123m=[38;2;240;166;84m*[38;2;245;172;88m*[38;2;245;173;88m*[38;2;243;170;84m*[38;2;240;163;81m*[38;2;243;174;94m*[38;2;248;220;176m#[38;2;246;223;184m#[38;2;75;152;139m=[38;2;50;117;120m-[38;2;59;151;147m=[38;2;60;150;148m=[38;2;62;149;148m==[38;2;60;149;146m=[38;2;47;117;125m-[38;2;48;117;125m-[38;2;60;149;147m=[38;2;48;117;125m-[0m
[38;2;65;156;153m==[38;2;64;156;153m=[38;2;65;156;153m===[38;2;64;155;153m=[38;2;63;155;152m=[38;2;64;155;152m=[38;2;63;155;153m=[38;2;63;154;154m=[38;2;65;154;153m=[38;2;65;154;152m=[38;2;63;152;151m=[38;2;65;153;151m=[38;2;68;153;146m=[38;2;76;152;138m=[38;2;67;111;99m-[38;2;66;75;75m:[38;2;66;72;72m:[38;2;56;43;56m.[38;2;37;21;26m [38;2;24;12;23m [38;2;16;9;23m [38;2;16;10;23m [38;2;18;10;23m [38;2;22;10;23m [38;2;28;12;24m [38;2;31;11;23m [38;2;30;13;25m [38;2;28;12;24m [38;2;27;10;23m [38;2;28;10;24m [38;2;27;10;24m [38;2;26;10;23m  [38;2;25;12;24m [38;2;19;9;23m [38;2;17;7;23m [38;2;27;12;23m [38;2;36;20;26m [38;2;47;37;53m.[38;2;49;39;56m.[38;2;52;40;58m.[38;2;64;74;79m:[38;2;220;96;115m=[38;2;229;159;76m+[38;2;233;162;78m*[38;2;235;162;78m*[38;2;239;109;129m=[38;2;241;118;142m+[38;2;240;216;179m#[38;2;171;102;191m=[38;2;54;115;120m-[38;2;62;149;146m=[38;2;60;149;146m=[38;2;47;117;124m-[38;2;45;116;121m-[38;2;46;116;122m-[38;2;47;117;125m-[38;2;60;149;146m=[38;2;60;148;146m=[38;2;47;117;125m--[0m
[38;2;64;155;151m=====[38;2;64;156;151m=[38;2;64;155;150m=[38;2;63;154;150m=[38;2;63;155;150m=[38;2;63;155;151m=[38;2;63;154;152m=[38;2;64;154;151m=[38;2;65;154;150m=[38;2;64;154;149m=[38;2;63;153;148m=[38;2;66;153;145m=[38;2;57;116;113m-[38;2;47;73;83m:[38;2;58;75;77m:[38;2;51;41;54m.[38;2;48;39;55m.[38;2;38;23;29m [38;2;24;12;23m [38;2;16;7;23m [38;2;19;9;23m [38;2;30;20;32m [38;2;58;73;85m:[38;2;63;75;86m:[38;2;58;69;79m:[38;2;37;21;30m [38;2;33;19;27m [38;2;32;16;26m [38;2;33;17;26m [38;2;46;35;54m.[38;2;51;40;60m.[38;2;49;40;59m.[38;2;31;17;28m [38;2;23;12;23m [38;2;19;9;23m [38;2;19;8;23m [38;2;25;14;24m [38;2;41;35;54m.[38;2;43;35;54m.[38;2;46;36;53m.[38;2;49;37;54m.[38;2;55;42;56m.[38;2;220;97;114m=[38;2;225;155;71m+[38;2;229;107;126m=[38;2;221;106;136m=[38;2;69;116;112m-[38;2;60;113;113m-[38;2;53;114;119m-[38;2;49;115;123m-[38;2;46;116;125m-[38;2;46;117;125m-[38;2;48;117;124m-[38;2;48;117;122m-[38;2;47;116;122m-[38;2;46;116;124m-[38;2;46;116;123m--[38;2;45;115;122m-[38;2;46;116;123m-[0m
[38;2;65;156;151m=[38;2;64;156;151m=[38;2;64;155;150m=[38;2;63;155;150m=[38;2;63;154;149m=[38;2;63;155;150m==[38;2;64;155;150m==[38;2;64;155;151m=[38;2;63;155;152m=[38;2;64;155;150m=[38;2;64;154;148m=[38;2;63;154;149m=[38;2;62;154;149m=[38;2;64;154;147m=[38;2;67;152;141m=[38;2;44;78;92m:[38;2;37;41;59m.[38;2;32;24;30m [38;2;30;20;27m [38;2;28;19;26m [38;2;21;11;23m [38;2;22;11;24m [38;2;31;19;30m [38;2;54;70;80m:[38;2;58;73;83m:[38;2;34;21;31m [38;2;26;12;24m [38;2;21;10;24m [38;2;19;10;24m [38;2;21;10;23m [38;2;23;11;24m [38;2;31;17;25m [38;2;44;36;53m.[38;2;57;71;77m:[38;2;56;71;76m:[38;2;36;24;27m [38;2;25;15;23m [38;2;15;9;23m [38;2;19;13;24m [38;2;31;21;30m [38;2;31;19;27m [38;2;34;19;27m [38;2;37;21;28m [38;2;50;41;57m.[38;2;72;109;92m-[38;2;220;101;119m=[38;2;72;116;104m-[38;2;60;116;117m-[38;2;55;115;119m-[38;2;51;115;121m-[38;2;61;148;146m=[38;2;59;149;147m=[38;2;58;149;149m=[38;2;58;149;147m=[38;2;47;117;124m-[38;2;48;116;121m-[38;2;48;116;122m-[38;2;46;116;123m-[38;2;46;116;122m--[38;2;46;117;123m--[0m
[38;2;63;155;152m==[38;2;63;154;151m===[38;2;63;154;152m==[38;2;63;155;152m==[38;2;63;155;153m=[38;2;63;155;154m=[38;2;63;154;152m=[38;2;64;154;150m=[38;2;62;154;150m=[38;2;62;154;152m=[38;2;62;154;151m=[38;2;64;154;148m=[38;2;55;118;116m-[38;2;38;69;84m:[38;2;20;20;30m [38;2;20;19;25m [38;2;19;16;24m [38;2;28;22;30m [38;2;42;40;59m.[38;2;42;38;58m.[38;2;32;21;30m [38;2;25;16;24m [38;2;18;9;23m [38;2;13;7;23m [38;2;10;7;23m [38;2;9;7;23m [38;2;11;7;23m [38;2;12;7;23m [38;2;19;9;23m [38;2;24;14;23m [38;2;26;16;24m [38;2;27;17;25m [38;2;31;23;29m [38;2;42;41;56m.[38;2;23;17;26m [38;2;18;10;23m [38;2;24;14;23m [38;2;27;15;24m [38;2;32;19;26m [38;2;43;36;54m.[38;2;54;70;78m:[38;2;58;77;85m:[38;2;66;111;96m-[38;2;62;114;106m-[38;2;53;116;120m-[38;2;51;116;122m-[38;2;49;116;124m-[38;2;47;117;125m-[38;2;57;149;148m=[38;2;56;148;148m=[38;2;45;117;126m-[38;2;46;116;124m-[38;2;47;116;122m-[38;2;48;116;122m-[38;2;46;117;123m-[38;2;47;117;123m--[38;2;47;117;122m-[38;2;46;116;122m-[0m
[38;2;64;154;152m==[38;2;63;154;152m===[38;2;64;155;153m=[38;2;63;154;152m=[38;2;63;154;151m=[38;2;63;153;151m=[38;2;63;154;151m=[38;2;63;155;152m=[38;2;63;154;151m=[38;2;63;154;150m=[38;2;63;153;150m=[38;2;62;154;151m==[38;2;63;153;150m=[38;2;67;155;148m=[38;2;50;115;117m-[38;2;23;36;64m.[38;2;13;15;25m [38;2;17;16;25m [38;2;26;22;30m [38;2;42;43;61m.[38;2;39;40;59m.[38;2;35;37;55m.[38;2;26;22;30m [38;2;29;22;30m [38;2;27;20;27m [38;2;22;17;25m [38;2;22;17;26m [38;2;20;15;24m [38;2;20;14;24m [38;2;22;14;25m [38;2;25;16;25m [38;2;26;17;26m [38;2;23;14;23m [38;2;30;21;29m [38;2;44;42;61m.[38;2;40;40;59m.[38;2;21;14;24m [38;2;20;12;23m [38;2;25;15;24m [38;2;31;19;26m [38;2;42;37;54m.[38;2;44;41;60m.[38;2;51;76;88m:[38;2;57;112;105m-[38;2;54;115;113m-[38;2;49;117;122m-[38;2;48;117;123m-[38;2;48;117;124m-[38;2;47;117;124m-[38;2;46;117;125m-[38;2;47;117;126m-[38;2;46;116;125m-[38;2;46;116;124m--[38;2;46;116;123m-[38;2;46;116;122m----[38;2;46;116;121m-[0m
[38;2;64;155;151m=[38;2;64;154;151m==[38;2;64;154;150m=[38;2;63;153;150m=[38;2;63;152;149m=[38;2;64;154;151m=[38;2;65;155;151m=[38;2;63;154;150m=[38;2;63;152;149m==[38;2;62;152;149m==[38;2;63;153;150m=[38;2;64;154;150m=[38;2;62;152;149m=[38;2;63;152;149m=[38;2;61;151;148m=[38;2;62;154;151m=[38;2;54;118;120m-[38;2;42;71;88m:[38;2;19;17;30m [38;2;19;15;25m [38;2;24;20;27m [38;2;25;23;32m [38;2;32;38;58m.[38;2;24;23;32m [38;2;27;22;29m [38;2;29;21;26m [38;2;22;14;24m [38;2;21;15;25m [38;2;25;19;26m [38;2;27;21;29m [38;2;27;20;28m [38;2;39;38;57m.[38;2;53;73;82m:[38;2;52;72;82m:[38;2;51;71;80m:[38;2;39;37;57m.[38;2;23;20;31m [38;2;16;14;25m [38;2;16;13;25m [38;2;20;15;25m [38;2;26;18;26m [38;2;41;38;56m.[38;2;55;77;87m:[38;2;82;155;138m=[38;2;71;151;141m=[38;2;49;116;121m-[38;2;46;117;124m-[38;2;47;117;124m--[38;2;46;117;123m-[38;2;47;117;123m-[38;2;48;117;124m-[38;2;46;116;122m-[38;2;45;115;122m---[38;2;46;116;121m----[38;2;45;115;121m-[0m
[38;2;64;154;151m==[38;2;63;153;150m===[38;2;63;152;150m=[38;2;63;153;150m=====[38;2;63;152;149m=[38;2;62;152;149m==[38;2;62;152;148m=[38;2;62;152;149m=[38;2;63;153;149m==[38;2;61;152;148m=[38;2;69;151;142m=[38;2;82;155;139m=[38;2;60;110;101m-[38;2;39;40;59m.[38;2;37;38;55m.[38;2;26;22;30m [38;2;21;20;29m [38;2;19;17;28m [38;2;16;12;23m [38;2;18;11;23m [38;2;18;13;23m [38;2;16;12;23m [38;2;20;16;26m  [38;2;20;14;25m [38;2;27;21;32m [38;2;41;42;63m.[38;2;49;71;82m:[38;2;49;70;81m:[38;2;26;20;31m [38;2;19;15;25m [38;2;19;16;25m [38;2;25;20;30m [38;2;39;38;56m.[38;2;54;72;78m:[38;2;69;110;93m-[38;2;225;110;134m=[38;2;233;213;174m#[38;2;59;115;113m-[38;2;48;110;113m-[38;2;47;115;122m-[38;2;61;148;145m=[38;2;48;116;124m-[38;2;46;116;123m-[38;2;45;115;122m-[38;2;45;116;122m-[38;2;45;116;121m-[38;2;46;116;120m-[38;2;47;116;120m-[38;2;46;116;120m-[38;2;45;115;121m-----[0m
[38;2;64;154;151m=[38;2;63;154;150m=[38;2;63;153;150m===[38;2;62;152;149m==[38;2;63;153;150m=[38;2;64;154;151m==[38;2;63;154;150m=[38;2;63;153;149m=[38;2;62;152;149m=[38;2;62;152;148m=[38;2;61;151;147m=[38;2;63;152;149m=[38;2;62;152;148m=[38;2;63;154;150m=[38;2;60;150;147m=[38;2;54;116;117m-[38;2;82;151;135m=[38;2;85;152;130m=[38;2;58;76;83m:[38;2;47;43;58m.[38;2;43;42;57m.[38;2;38;40;58m.[38;2;35;38;58m.[38;2;25;21;31m [38;2;23;17;27m [38;2;21;16;26m [38;2;19;15;26m  [38;2;21;16;26m [38;2;22;16;27m  [38;2;24;19;29m [38;2;24;17;28m [38;2;23;16;27m [38;2;27;19;29m [38;2;34;22;26m [38;2;45;39;53m.[38;2;49;43;57m.[38;2;62;75;77m:[38;2;220;152;68m+[38;2;224;155;71m+[38;2;240;173;91m*[38;2;242;216;171m#[38;2;178;107;187m=[38;2;236;225;190m#[38;2;92;179;176m+[38;2;48;114;119m-[38;2;50;117;123m-[38;2;46;116;123m-[38;2;46;117;124m--[38;2;46;117;123m-[38;2;47;116;121m-[38;2;46;115;118m-[38;2;45;114;119m-[38;2;45;114;122m-[38;2;45;115;122m--[38;2;44;114;121m--[0m
[38;2;63;153;150m=[38;2;64;154;150m=[38;2;64;154;151m=[38;2;63;153;150m==[38;2;64;154;150m=[38;2;64;154;151m==[38;2;63;153;150m=[38;2;62;152;149m==[38;2;62;152;148m==[38;2;63;152;149m=[38;2;62;152;148m=[38;2;63;153;150m=[38;2;61;151;147m=[38;2;63;153;150m=[38;2;59;150;146m=[38;2;94;179;172m+[38;2;241;221;183m#[38;2;224;110;133m=[38;2;73;112;93m-[38;2;52;43;55m.[38;2;48;42;54m.[38;2;45;42;57m.[38;2;44;43;60m.[38;2;43;42;61m.[38;2;42;40;59m.[38;2;41;40;59m.[38;2;39;39;57m.[38;2;37;37;56m.[38;2;29;22;31m [38;2;27;20;28m [38;2;25;17;26m [38;2;26;18;27m [38;2;27;18;27m [38;2;28;20;29m [38;2;31;21;30m [38;2;38;22;30m [38;2;48;40;57m.[38;2;50;43;60m.[38;2;60;73;77m:[38;2;66;77;79m:[38;2;228;162;77m+[38;2;248;222;173m#[38;2;251;234;192m%[38;2;254;241;204m%[38;2;255;242;205m%[38;2;251;239;203m%[38;2;68;151;142m=[38;2;50;116;120m-[38;2;60;149;145m=[38;2;58;149;146m=[38;2;43;115;124m-[38;2;44;115;124m-[38;2;46;115;122m-[38;2;47;114;120m-[38;2;46;114;121m-[38;2;45;115;123m---[38;2;45;115;122m-[38;2;45;115;123m-[0m
[38;2;63;154;153m=[38;2;63;154;152m=[38;2;62;153;151m==[38;2;63;154;151m=[38;2;63;153;151m=[38;2;62;152;149m=[38;2;61;151;148m=[38;2;62;152;148m=[38;2;62;153;149m=[38;2;63;154;149m=[38;2;62;154;150m=[38;2;61;153;150m=[38;2;60;152;150m=[38;2;61;152;150m=[38;2;61;152;149m=[38;2;65;155;150m=[38;2;47;117;121m-[38;2;88;182;177m+[38;2;252;241;204m%[38;2;237;216;170m#[38;2;227;163;82m*[38;2;231;160;78m+[38;2;71;77;79m:[38;2;54;42;56m.[38;2;45;40;56m.[38;2;41;40;57m.[38;2;40;39;57m.[38;2;42;39;55m.[38;2;39;37;55m.[38;2;38;37;56m.[38;2;38;36;55m.[38;2;30;22;30m [38;2;29;20;28m [38;2;28;18;26m [38;2;30;20;27m [38;2;31;20;29m [38;2;32;21;29m [38;2;33;22;31m [38;2;41;37;58m.[38;2;44;41;63m.[38;2;50;70;81m:[38;2;69;115;102m-[38;2;229;120;144m+[38;2;248;233;192m%[38;2;255;242;205m%%[38;2;250;239;200m%[38;2;252;240;204m%[38;2;255;242;205m%[38;2;237;229;194m%[38;2;48;113;114m-[38;2;46;115;118m-[38;2;59;149;145m=[38;2;45;117;125m-[38;2;44;117;125m-[38;2;44;117;124m-[38;2;45;117;124m-[38;2;46;116;124m-[38;2;46;115;124m-[38;2;46;115;123m-[38;2;46;115;122m--[38;2;46;115;121m-[0m
[38;2;62;153;152m=[38;2;63;153;153m=[38;2;62;154;152m=[38;2;62;153;151m=[38;2;61;152;150m==[38;2;62;153;151m=[38;2;62;154;151m==[38;2;62;153;150m=[38;2;62;154;149m=[38;2;62;153;149m=[38;2;62;153;150m=[38;2;63;154;152m=[38;2;62;152;151m=[38;2;60;150;146m=[38;2;49;118;120m-[38;2;69;154;142m=[38;2;250;241;205m%[38;2;255;242;205m%[38;2;242;223;177m#[38;2;61;77;81m:[38;2;228;104;122m=[38;2;224;99;118m=[38;2;61;71;78m:[38;2;47;40;60m.[38;2;42;39;58m.[38;2;42;37;55m.[38;2;36;23;30m [38;2;41;36;54m.[38;2;40;36;55m.[38;2;32;21;30m [38;2;30;19;28m [38;2;27;18;27m [38;2;27;19;26m [38;2;26;18;26m [38;2;26;19;26m [38;2;28;21;28m [38;2;39;38;56m.[38;2;39;41;63m.[38;2;67;116;107m-[38;2;242;226;187m#[38;2;255;242;204m%[38;2;255;242;205m%%[38;2;253;241;199m%[38;2;246;234;190m%[38;2;248;236;194m%[38;2;252;241;200m%[38;2;254;242;205m%[38;2;255;242;205m%[38;2;106;191;181m*[38;2;68;152;142m=[38;2;51;118;121m-[38;2;43;113;118m-[38;2;43;114;119m-[38;2;43;115;121m--[38;2;46;117;124m-[38;2;46;115;123m-[38;2;45;115;122m-[38;2;44;115;121m---[0m
[38;2;63;153;151m==[38;2;63;153;150m=[38;2;62;152;149m==[38;2;63;153;150m=[38;2;62;154;150m=[38;2;61;152;148m=[38;2;60;152;148m=[38;2;60;150;146m=[38;2;61;149;144m=[38;2;62;151;146m=[38;2;63;151;147m=[38;2;63;151;145m=[38;2;70;156;148m=[38;2;101;189;182m+[38;2;236;228;193m%[38;2;244;233;197m%[38;2;236;224;186m#[38;2;63;119;112m-[38;2;83;154;135m=[38;2;65;112;100m-[38;2;56;73;81m:[38;2;63;77;84m:[38;2;57;70;80m:[38;2;50;40;63m.[38;2;46;36;59m.[38;2;44;36;55m.[38;2;37;22;28m [38;2;36;20;29m [38;2;35;20;29m [38;2;33;19;28m [38;2;30;19;27m [38;2;26;17;25m [38;2;25;18;25m [38;2;39;41;58m.[38;2;59;110;95m-[38;2;63;115;99m-[38;2;52;80;87m:[38;2;44;74;87m:[38;2;18;21;34m [38;2;80;156;135m=[38;2;253;240;202m%[38;2;252;240;197m%[38;2;248;236;190m%[38;2;244;233;187m%[38;2;244;232;187m%[38;2;250;237;193m%[38;2;253;241;199m%[38;2;255;242;205m%[38;2;254;242;205m%[38;2;255;242;205m%[38;2;250;239;203m%[38;2;244;234;199m%[38;2;231;223;190m#[38;2;91;178;172m+[38;2;70;152;145m=[38;2;66;148;143m=[38;2;45;113;116m-[38;2;42;114;117m-[38;2;41;113;117m-[38;2;43;114;119m-[38;2;44;115;122m-[38;2;45;115;123m-[0m
[38;2;62;152;150m=[38;2;63;153;150m=[38;2;63;153;149m=[38;2;63;152;147m=[38;2;63;151;145m=[38;2;49;117;120m-[38;2;64;151;142m=[38;2;67;153;143m=[38;2;92;182;175m+[38;2;98;186;178m+[38;2;227;219;187m#[38;2;233;224;190m#[38;2;235;227;193m#[38;2;242;233;197m%[38;2;252;240;204m%[38;2;255;242;205m%%[38;2;241;229;191m%[38;2;28;39;61m.[38;2;16;15;30m [38;2;18;15;31m [38;2;87;158;136m=[38;2;235;218;173m#[38;2;52;74;80m:[38;2;44;37;58m.[38;2;48;36;60m.[38;2;48;35;60m.[38;2;44;34;55m.[38;2;44;37;54m.[38;2;46;37;54m.[38;2;46;36;54m.[38;2;37;22;30m [38;2;33;21;29m [38;2;28;19;26m [38;2;54;77;84m:[38;2;225;118;140m+[38;2;82;154;128m=[38;2;59;114;98m-[38;2;47;78;86m:[38;2;29;40;61m.[38;2;16;21;32m [38;2;104;186;168m+[38;2;251;239;196m%[38;2;246;235;190m%[38;2;245;233;188m%[38;2;250;238;193m%[38;2;254;241;200m%[38;2;255;242;202m%[38;2;255;242;205m%%%[38;2;254;242;205m%[38;2;255;242;205m%%%%%[38;2;248;237;201m%[38;2;238;229;194m%[38;2;226;220;185m#[38;2;90;180;171m+[38;2;52;118;118m-[38;2;46;111;115m-[38;2;44;110;116m-[0m
[38;2;59;151;149m=[38;2;60;152;149m=[38;2;60;150;146m=[38;2;64;153;146m=[38;2;72;157;147m=[38;2;100;186;177m+[38;2;238;229;193m%[38;2;248;237;200m%[38;2;255;242;205m%%%%%%%[38;2;254;241;204m%[38;2;253;241;204m%[38;2;253;240;203m%[38;2;234;222;181m#[38;2;50;77;90m:[38;2;21;16;30m [38;2;66;119;105m-[38;2;227;181;99m*[38;2;221;170;88m*[38;2;57;75;83m:[38;2;49;37;61m.[38;2;48;34;59m.[38;2;45;36;58m.[38;2;42;39;56m.[38;2;48;41;58m.[38;2;49;41;57m.[38;2;45;39;55m.[38;2;34;23;29m [38;2;57;77;84m:[38;2;227;118;139m+[38;2;86;156;130m=[38;2;67;120;105m-[38;2;59;113;99m-[38;2;41;72;80m:[38;2;35;43;63m.[38;2;234;221;178m#[38;2;254;240;196m%[38;2;245;231;187m%[38;2;249;236;191m%[38;2;253;240;196m%[38;2;255;242;202m%[38;2;254;242;204m%%[38;2;253;240;202m%[38;2;255;242;205m%%%[38;2;254;242;205m%[38;2;254;242;204m%[38;2;253;241;201m%[38;2;254;241;202m%[38;2;255;242;205m%%%%%[38;2;250;239;202m%[38;2;239;228;193m%[38;2;228;217;186m#[0m
[38;2;228;221;189m#[38;2;234;228;195m%[38;2;238;230;196m%[38;2;245;235;200m%[38;2;253;241;204m%[38;2;255;242;205m%%%%[38;2;254;242;205m%[38;2;254;241;204m%%[38;2;254;241;205m%[38;2;254;242;205m%%[38;2;255;242;205m%%[38;2;255;242;204m%[38;2;255;242;205m%[38;2;250;237;199m%[38;2;67;117;109m-[38;2;16;15;25m [38;2;37;43;62m.[38;2;67;118;104m-[38;2;227;115;139m=[38;2;61;78;87m:[38;2;48;41;60m.[38;2;50;42;59m.[38;2;49;41;58m.[38;2;49;42;57m.[38;2;48;42;56m.[38;2;48;43;58m.[38;2;60;79;84m:[38;2;222;110;132m=[38;2;224;115;137m=[38;2;83;152;128m=[38;2;62;114;100m-[38;2;46;75;84m:[38;2;32;40;60m.[38;2;235;222;176m#[38;2;250;237;191m%[38;2;245;232;186m%[38;2;249;236;190m%[38;2;252;240;194m%[38;2;255;242;199m%[38;2;255;242;202m%[38;2;254;241;202m%[38;2;254;242;203m%[38;2;254;242;205m%[38;2;255;242;205m%%%%%[38;2;255;242;203m%[38;2;254;242;202m%[38;2;255;242;205m%[38;2;254;242;205m%%[38;2;253;241;204m%[38;2;254;241;204m%[38;2;255;242;205m%%%[0m
[38;2;255;242;205m%%%%[38;2;255;242;204m%[38;2;254;242;202m%%[38;2;254;242;205m%[38;2;255;242;205m%%%%%%%%%[38;2;255;242;204m%[38;2;253;241;202m%[38;2;255;242;205m%%[38;2;84;157;137m=[38;2;33;39;61m.[38;2;45;72;81m:[38;2;69;119;105m-[38;2;223;115;136m=[38;2;72;117;101m-[38;2;59;76;81m:[38;2;57;72;78m:[38;2;55;76;79m:[38;2;66;114;94m-[38;2;218;164;82m+[38;2;220;166;85m*[38;2;71;121;104m-[38;2;67;117;101m-[38;2;61;112;98m-[38;2;51;79;87m:[38;2;36;42;62m.[38;2;59;113;100m-[38;2;249;235;189m%[38;2;244;231;185m%[38;2;247;234;188m%[38;2;252;239;195m%[38;2;254;242;201m%[38;2;255;242;202m%[38;2;255;242;204m%[38;2;255;242;205m%%%%%%%[38;2;255;242;204m%[38;2;255;242;205m%%[38;2;255;242;204m%[38;2;254;242;202m%[38;2;253;241;198m%[38;2;254;242;200m%[38;2;255;242;205m%[38;2;254;242;202m%[38;2;253;241;200m%[38;2;254;241;203m%[0m
[38;2;245;234;196m%[38;2;246;235;197m%[38;2;252;241;203m%[38;2;254;242;205m%[38;2;254;242;202m%[38;2;252;241;195m%[38;2;253;242;198m%[38;2;255;242;205m%%%%%%%%%%%[38;2;255;242;204m%[38;2;253;241;204m%[38;2;255;242;205m%[38;2;241;230;188m%[38;2;56;112;99m-[38;2;60;116;102m-[38;2;49;78;86m:[38;2;65;117;102m-[38;2;222;114;135m=[38;2;230;173;95m*[38;2;221;110;130m=[38;2;87;159;129m=[38;2;83;159;128m=[38;2;80;155;125m=[38;2;65;120;101m-[38;2;63;117;100m-[38;2;60;114;98m-[38;2;59;112;97m-[38;2;59;110;97m-[38;2;53;79;89m:[38;2;60;112;99m-[38;2;241;226;181m#[38;2;254;241;195m%[38;2;252;240;196m%[38;2;254;242;203m%[38;2;255;242;205m%%%%%%%%%%[38;2;254;242;201m%[38;2;254;242;202m%[38;2;255;242;205m%[38;2;255;242;204m%[38;2;252;241;198m%[38;2;246;236;189m%[38;2;248;238;189m%[38;2;254;242;198m%[38;2;255;242;200m%[38;2;251;240;192m%[38;2;250;238;192m%[0m